labels 1 2 3
1 0.978065 0.0142712 0.00766418
1 0.962533 0.027657 0.00981006
1 0.976477 0.0157414 0.00778118
1 0.969627 0.0214009 0.00897173
1 0.980774 0.0119691 0.00725722
1 0.962218 0.0254093 0.012373
1 0.976722 0.0152876 0.00799008
1 0.97535 0.0166192 0.00803061
1 0.963552 0.0261661 0.0102819
1 0.971112 0.0203093 0.00857836
1 0.975105 0.0160674 0.00882753
1 0.975791 0.0162011 0.00800748
1 0.970285 0.0209293 0.00878555
1 0.978291 0.0136483 0.00806024
1 0.973895 0.0155935 0.0105113
1 0.958993 0.0246441 0.0163626
1 0.971805 0.0178926 0.0103028
1 0.97365 0.0178044 0.00854577
1 0.957834 0.0291056 0.0130602
1 0.976923 0.0144721 0.00860446
1 0.961416 0.0280231 0.0105613
1 0.970481 0.0197764 0.00974263
1 0.986447 0.00743894 0.00611403
1 0.933129 0.0525799 0.0142912
1 0.968718 0.0219693 0.00931236
1 0.952663 0.0363068 0.0110305
1 0.959583 0.0296816 0.0107356
1 0.974814 0.0168609 0.00832483
1 0.97419 0.0175312 0.00827889
1 0.970361 0.0208389 0.00879979
1 0.964138 0.0262442 0.00961811
1 0.950428 0.0372864 0.0122854
1 0.982003 0.00979532 0.00820198
1 0.976408 0.0133356 0.0102568
1 0.971112 0.0203093 0.00857836
1 0.974898 0.0171367 0.00796516
1 0.972776 0.018288 0.00893613
1 0.971112 0.0203093 0.00857836
1 0.971107 0.0198299 0.00906297
1 0.973856 0.0178356 0.00830804
1 0.976892 0.0151811 0.00792683
1 0.876576 0.102123 0.0213008
1 0.978043 0.0141536 0.00780386
1 0.943746 0.0423326 0.0139212
1 0.961434 0.0266292 0.0119363
1 0.956408 0.0329195 0.0106725
1 0.979014 0.012882 0.00810393
1 0.975509 0.0164667 0.0080248
1 0.976845 0.014764 0.00839097
1 0.974406 0.0175081 0.00808627
2 0.00826509 0.930235 0.0615001
2 0.00791976 0.937075 0.0550056
2 0.00743111 0.801758 0.190811
2 0.00851785 0.964217 0.0272654
2 0.00544089 0.868435 0.126124
2 0.00768439 0.969146 0.0231691
2 0.00885165 0.844444 0.146705
2 0.0741003 0.909438 0.0164616
2 0.00588751 0.966794 0.0273187
2 0.0149246 0.962827 0.0222486
2 0.0335991 0.951815 0.0145855
2 0.00829457 0.957502 0.0342032
2 0.00971202 0.98401 0.00627804
2 0.00580893 0.934325 0.0598666
2 0.0233462 0.968983 0.00767115
2 0.0077554 0.964009 0.0282359
2 0.00893434 0.924059 0.0670069
2 0.017683 0.977267 0.00505018
2 0.00819118 0.735126 0.256683
2 0.0146076 0.979119 0.00627334
3 0.0126128 0.467983 0.519404
2 0.00883247 0.982908 0.00825982
2 0.00747665 0.66063 0.331893
2 0.00630164 0.976054 0.017644
2 0.00721872 0.979827 0.0129544
2 0.00662969 0.963005 0.0303657
2 0.0052836 0.882636 0.11208
3 0.0086624 0.390775 0.600563
2 0.0063156 0.916254 0.0774305
2 0.0345859 0.957104 0.00831014
2 0.0158582 0.976988 0.00715406
2 0.0236398 0.969382 0.00697845
2 0.0126448 0.981459 0.00589636
3 0.00990649 0.453085 0.537008
2 0.0106571 0.919185 0.0701577
2 0.0118501 0.908784 0.0793663
2 0.00660665 0.881143 0.112251
2 0.00478707 0.944297 0.050916
2 0.0160141 0.974578 0.00940767
2 0.00952481 0.973051 0.0174239
2 0.00917664 0.974707 0.0161165
2 0.00666053 0.95274 0.040599
2 0.00995767 0.982758 0.0072841
2 0.0575696 0.928371 0.0140597
2 0.00912795 0.974957 0.0159148
2 0.0169078 0.976091 0.00700076
2 0.0112202 0.977615 0.0111647
2 0.00765629 0.979936 0.0124082
2 0.0766248 0.906887 0.016488
2 0.0104782 0.978667 0.0108545
3 0.0062209 0.000696609 0.993082
3 0.0109646 0.0756545 0.913381
3 0.00563672 0.00356482 0.990798
3 0.00880311 0.0593419 0.931855
3 0.00540838 0.00245657 0.992135
3 0.00670901 0.00127304 0.992018
2 0.0251931 0.497269 0.477538
3 0.00678176 0.0102446 0.982974
3 0.00696024 0.019828 0.973212
3 0.00826772 0.00117462 0.990558
3 0.00888648 0.0670359 0.924078
3 0.00791133 0.0405961 0.951493
3 0.00604002 0.00862212 0.985338
3 0.0114966 0.0355496 0.952954
3 0.00800043 0.00308248 0.988917
3 0.00694358 0.00565701 0.987399
3 0.00805335 0.0819613 0.909985
3 0.0125502 0.00318136 0.984268
3 0.00771113 0.000477202 0.991812
3 0.0116711 0.475681 0.512648
3 0.00585065 0.00220189 0.991947
3 0.0129555 0.0722051 0.914839
3 0.00731841 0.00163193 0.99105
3 0.00949399 0.204783 0.785723
3 0.00684994 0.0096132 0.983537
3 0.00784544 0.0289683 0.963186
3 0.0100021 0.287263 0.702735
3 0.0106553 0.314962 0.674383
3 0.00585019 0.00553405 0.988616
3 0.00877714 0.132688 0.858535
3 0.00656888 0.00706843 0.986363
3 0.0148001 0.0110054 0.974194
3 0.00553699 0.00282535 0.991638
2 0.00725949 0.671746 0.320994
3 0.00954337 0.484138 0.506319
3 0.00694679 0.00111568 0.991938
3 0.007386 0.00271644 0.989898
3 0.00870815 0.0992054 0.892086
3 0.0112215 0.377017 0.611762
3 0.00656133 0.012498 0.980941
3 0.00555877 0.0013112 0.99313
3 0.00671179 0.00659713 0.986691
3 0.0109646 0.0756545 0.913381
3 0.00557877 0.00151166 0.99291
3 0.00618866 0.00100149 0.99281
3 0.00615837 0.00457122 0.98927
3 0.00978321 0.0624411 0.927776
3 0.00785504 0.0380261 0.954119
3 0.00844673 0.00756365 0.98399
3 0.0115784 0.228904 0.759517
