labels 1 2 3
1 0.978779 0.0143293 0.00689209
1 0.954843 0.0349465 0.0102107
1 0.973394 0.0188275 0.00777877
1 0.961928 0.0281268 0.00994505
1 0.982556 0.0111892 0.00625446
1 0.97047 0.0192801 0.0102499
1 0.973032 0.0181396 0.00882876
1 0.973017 0.0188843 0.00809905
1 0.956101 0.0333843 0.0105142
1 0.967119 0.0246034 0.00827785
1 0.980769 0.0126626 0.00656865
1 0.971915 0.0194393 0.00864571
1 0.966669 0.0251751 0.00815637
1 0.980575 0.0134947 0.0059305
1 0.990145 0.00579528 0.00406006
1 0.987785 0.0064249 0.00579018
1 0.981179 0.0116127 0.00720792
1 0.972435 0.0189844 0.00858071
1 0.970213 0.0205192 0.00926732
1 0.980844 0.0118914 0.00726413
1 0.960416 0.0295271 0.0100568
1 0.97094 0.019214 0.00984588
1 0.990292 0.00553545 0.00417244
1 0.913468 0.067053 0.0194795
1 0.960407 0.0283825 0.0112102
1 0.942768 0.0451074 0.0121246
1 0.948962 0.0374811 0.0135564
1 0.97531 0.0170772 0.0076125
1 0.974067 0.0183465 0.00758641
1 0.962414 0.0274923 0.0100936
1 0.953802 0.0351423 0.011056
1 0.946921 0.0401126 0.0129667
1 0.992466 0.00390799 0.0036261
1 0.99173 0.00433397 0.00393653
1 0.967119 0.0246034 0.00827785
1 0.973424 0.019208 0.00736763
1 0.978048 0.0153499 0.00660253
1 0.967119 0.0246034 0.00827785
1 0.96694 0.0241657 0.00889381
1 0.971983 0.0198278 0.00818918
1 0.976295 0.0159321 0.00777248
1 0.863262 0.118352 0.0183857
1 0.976214 0.0162638 0.0075222
1 0.930191 0.0510047 0.0188041
1 0.961044 0.0261417 0.0128146
1 0.945429 0.0421728 0.0123983
1 0.983456 0.0101807 0.00636363
1 0.971256 0.0203473 0.00839623
1 0.981447 0.0120589 0.00649363
1 0.971643 0.0202868 0.00807005
2 0.00577423 0.969928 0.0242973
2 0.00784818 0.954137 0.0380143
2 0.00623357 0.881724 0.112043
2 0.00674998 0.969896 0.0233539
2 0.00653571 0.878965 0.114499
2 0.00839523 0.964805 0.0267993
2 0.00878609 0.880324 0.110889
2 0.0583111 0.92842 0.0132685
2 0.0057501 0.97436 0.0198899
2 0.0133091 0.968482 0.0182089
2 0.0182422 0.97682 0.00493812
2 0.00944318 0.958182 0.0323744
2 0.00848948 0.987891 0.00361917
2 0.00683687 0.926822 0.0663406
2 0.0301867 0.961854 0.00795893
2 0.00744525 0.977081 0.0154741
2 0.0095767 0.911435 0.0789888
2 0.0228782 0.971476 0.00564552
2 0.00964527 0.677702 0.312653
2 0.0161949 0.978676 0.00512955
3 0.016438 0.443142 0.54042
2 0.0114765 0.98123 0.0072932
2 0.0109454 0.592393 0.396661
2 0.00687893 0.974652 0.0184688
2 0.00847355 0.981403 0.0101236
2 0.00667713 0.973393 0.0199299
2 0.00511762 0.911325 0.0835573
3 0.0125423 0.461452 0.526006
2 0.00767208 0.907016 0.0853121
2 0.0451757 0.944573 0.0102516
2 0.0158791 0.979054 0.00506646
2 0.024794 0.969266 0.0059395
2 0.0163559 0.977991 0.00565335
3 0.0143224 0.349412 0.636266
2 0.0104907 0.904791 0.0847179
2 0.010897 0.929599 0.0595035
2 0.00615081 0.921719 0.0721303
2 0.00435186 0.945113 0.0505353
2 0.0190854 0.972134 0.00878059
2 0.00915435 0.975559 0.0152862
2 0.00892662 0.974538 0.0165351
2 0.00746783 0.951743 0.0407888
2 0.0118572 0.981727 0.00641563
2 0.0452056 0.944435 0.010359
2 0.00994978 0.973982 0.0160678
2 0.0212077 0.971687 0.00710493
2 0.0133974 0.975735 0.0108674
2 0.00936498 0.979668 0.0109666
2 0.0717008 0.912231 0.0160684
2 0.0125168 0.977124 0.0103589
3 0.00212802 0.000163595 0.997708
3 0.0113645 0.0438596 0.944776
3 0.00397951 0.0033431 0.992677
3 0.0102759 0.0464311 0.943293
3 0.00374732 0.00159538 0.994657
3 0.00198955 0.000570617 0.99744
3 0.0188341 0.345521 0.635645
3 0.00484077 0.0100064 0.985153
3 0.0057362 0.0124587 0.981805
3 0.00227208 0.000347729 0.99738
3 0.0120385 0.0817243 0.906237
3 0.00887274 0.0319952 0.959132
3 0.00589967 0.00909588 0.985004
3 0.00847308 0.016246 0.975281
3 0.00410957 0.00111187 0.994779
3 0.00566905 0.00451077 0.98982
3 0.0110244 0.0813352 0.90764
3 0.00291041 0.00135097 0.995739
3 2.18075e-06 2.61224e-06 0.999995
3 0.0130465 0.325058 0.661895
3 0.00372394 0.00178516 0.994491
3 0.0121066 0.0409052 0.946988
3 0.00188336 0.000616224 0.9975
3 0.0133057 0.177586 0.809108
3 0.00649056 0.0101757 0.983334
3 0.00848288 0.0437506 0.947767
3 0.0145354 0.258184 0.72728
3 0.015414 0.288828 0.695758
3 0.00476082 0.0036889 0.99155
3 0.0106005 0.197169 0.792231
3 0.00419734 0.00651024 0.989292
3 0.00580256 0.0163288 0.977869
3 0.00380842 0.00167266 0.994519
2 0.0110396 0.627831 0.361129
3 0.0129656 0.347506 0.639528
3 0.00197087 0.000491826 0.997537
3 0.0041813 0.0013726 0.994446
3 0.0119687 0.0974308 0.8906
3 0.0158772 0.340566 0.643557
3 0.00694355 0.0157447 0.977312
3 0.00305521 0.000784126 0.996161
3 0.00583833 0.00751592 0.986646
3 0.0113645 0.0438596 0.944776
3 0.00314696 0.000983858 0.995869
3 0.00266022 0.00043327 0.996907
3 0.00501597 0.00416366 0.99082
3 0.00991282 0.0437692 0.946318
3 0.00999026 0.0401036 0.949906
3 0.00632843 0.00507614 0.988595
3 0.0152032 0.176913 0.807884
