labels 1 2 3
1 0.981111 0.0116798 0.0072091
1 0.966458 0.0251135 0.00842897
1 0.979463 0.0135927 0.0069444
1 0.972242 0.0197017 0.00805593
1 0.983326 0.00973996 0.00693376
1 0.968493 0.0197858 0.0117211
1 0.97923 0.0132029 0.00756737
1 0.978327 0.0140964 0.00757687
1 0.966581 0.0248174 0.0086017
1 0.97433 0.0180329 0.0076375
1 0.978877 0.0127452 0.00837805
1 0.978148 0.014139 0.00771322
1 0.973826 0.0186623 0.00751193
1 0.98187 0.0115366 0.0065935
1 0.978825 0.0117017 0.00947308
1 0.967434 0.0183869 0.0141795
1 0.97702 0.0135503 0.00942933
1 0.977359 0.0146319 0.00800872
1 0.965261 0.0224667 0.0122725
1 0.98014 0.0115735 0.00828615
1 0.966354 0.0236077 0.0100388
1 0.97474 0.0159558 0.00930375
1 0.988484 0.00581412 0.00570213
1 0.93838 0.0480201 0.0135995
1 0.970608 0.0200675 0.00932419
1 0.9562 0.034043 0.00975741
1 0.963793 0.0259663 0.0102411
1 0.978235 0.0138832 0.00788215
1 0.977895 0.0144487 0.00765579
1 0.972768 0.0190385 0.00819328
1 0.96689 0.0243733 0.00873658
1 0.957762 0.0309044 0.0113331
1 0.984231 0.00783542 0.0079331
1 0.980232 0.0103314 0.00943666
1 0.97433 0.0180329 0.0076375
1 0.978719 0.0143104 0.00697102
1 0.977463 0.0143692 0.00816733
1 0.97433 0.0180329 0.0076375
1 0.974316 0.0179888 0.00769502
1 0.977173 0.0150205 0.00780675
1 0.980227 0.0123919 0.0073812
1 0.873096 0.112252 0.0146521
1 0.980646 0.0123486 0.00700511
1 0.948441 0.0380951 0.0134636
1 0.966155 0.0219719 0.0118733
1 0.95997 0.0307943 0.00923524
1 0.981607 0.0104548 0.00793834
1 0.978165 0.0145573 0.00727815
1 0.980189 0.0117984 0.00801279
1 0.977719 0.0148701 0.00741107
2 0.0157029 0.944585 0.0397116
2 0.0122718 0.943339 0.0443891
2 0.010487 0.829242 0.160271
2 0.00527859 0.96792 0.0268015
2 0.00628384 0.870458 0.123258
2 0.00687986 0.971568 0.0215524
2 0.0128083 0.847307 0.139885
2 0.0387343 0.951984 0.00928178
2 0.00829519 0.972312 0.0193923
2 0.0101062 0.968013 0.0218804
2 0.0150976 0.976112 0.00879016
2 0.00931162 0.95877 0.0319181
2 0.00653691 0.989598 0.00386535
2 0.00652121 0.935278 0.0582011
2 0.0205082 0.973617 0.00587502
2 0.012819 0.968213 0.0189683
2 0.00902543 0.915112 0.0758625
2 0.0146323 0.981856 0.00351202
2 0.00752025 0.682528 0.309951
2 0.0097293 0.986235 0.00403582
3 0.0146694 0.360418 0.624912
2 0.00914577 0.984893 0.00596081
2 0.00742348 0.594546 0.398031
2 0.00674887 0.979354 0.0138974
2 0.00927463 0.981716 0.00900934
2 0.00990965 0.968356 0.0217348
2 0.00670937 0.898717 0.0945734
3 0.0101516 0.343588 0.646261
2 0.00684316 0.911165 0.0819919
2 0.0256077 0.968509 0.00588296
2 0.00955024 0.985908 0.00454135
2 0.0142451 0.981701 0.00405344
2 0.0105435 0.985341 0.0041155
3 0.00972552 0.328122 0.662153
2 0.0101107 0.906393 0.0834966
2 0.0177234 0.908827 0.0734491
2 0.00990621 0.897131 0.0929633
2 0.00402076 0.949642 0.0463373
2 0.0153472 0.977236 0.00741701
2 0.00630657 0.977897 0.0157963
2 0.00648047 0.979207 0.0143129
2 0.00811168 0.955607 0.0362814
2 0.00779991 0.986997 0.00520357
2 0.0291043 0.963264 0.007632
2 0.00717922 0.978756 0.014065
2 0.0168056 0.977795 0.00539971
2 0.0105303 0.98051 0.00895957
2 0.00902726 0.981874 0.00909873
2 0.0453258 0.944549 0.0101249
2 0.009131 0.982187 0.00868246
3 0.0076056 0.000432816 0.991962
3 0.00950001 0.0292013 0.961299
3 0.00639609 0.00185486 0.991749
3 0.00780642 0.0288384 0.963355
3 0.00591313 0.000903208 0.993184
3 0.00756263 0.000976372 0.991461
3 0.0214503 0.313518 0.665032
3 0.0070723 0.0065304 0.986397
3 0.00632034 0.00905399 0.984626
3 0.0109191 0.00130714 0.987774
3 0.0102838 0.0392397 0.950477
3 0.00723499 0.0181028 0.974662
3 0.00677003 0.00406455 0.989165
3 0.00896146 0.0111178 0.979921
3 0.00766896 0.000813263 0.991518
3 0.00816223 0.00228363 0.989554
3 0.00866443 0.0472188 0.944117
3 0.0149563 0.00379975 0.981244
3 0.00871799 0.000577181 0.990705
3 0.0102223 0.353286 0.636492
3 0.00715121 0.00113664 0.991712
3 0.0112752 0.0261821 0.962543
3 0.00791944 0.00119343 0.990887
3 0.0094232 0.122542 0.868035
3 0.00801507 0.00497934 0.987006
3 0.0085244 0.0219816 0.969494
3 0.0103504 0.185912 0.803737
3 0.0114746 0.211855 0.776671
3 0.00585475 0.00188154 0.992264
3 0.00958262 0.118299 0.872118
3 0.00699043 0.00437164 0.988638
3 0.0171392 0.0130223 0.969839
3 0.00568494 0.000910416 0.993405
2 0.00782393 0.617722 0.374454
3 0.00884598 0.377368 0.613786
3 0.00830895 0.000952517 0.990739
3 0.00908967 0.00124004 0.98967
3 0.00967841 0.0583755 0.931946
3 0.012197 0.261693 0.72611
3 0.00761228 0.00675109 0.985637
3 0.00673733 0.00061053 0.992652
3 0.00823924 0.00331459 0.988446
3 0.00950001 0.0292013 0.961299
3 0.00672618 0.000763963 0.99251
3 0.0079387 0.000627801 0.991434
3 0.00722401 0.00192123 0.990855
3 0.00822292 0.0278324 0.963945
3 0.00815985 0.0189396 0.972901
3 0.0100812 0.00320441 0.986714
3 0.0115614 0.130428 0.858011
