labels 1 2 3
1 0.99089 0.00433876 0.0047716
1 0.986053 0.00698852 0.0069589
1 0.997033 0.00110035 0.00186641
1 0.994677 0.00221564 0.00310785
1 0.99517 0.0020661 0.00276353
1 0.894993 0.0723381 0.0326688
1 0.995347 0.00184508 0.00280794
1 0.988337 0.00567448 0.00598864
1 0.997446 0.000955469 0.00159859
1 0.993433 0.00290876 0.00365799
1 0.978623 0.012203 0.00917357
1 0.991922 0.00363018 0.00444762
1 0.996138 0.00156088 0.00230088
1 0.999861 2.56401e-05 0.000113059
1 0.988276 0.00690863 0.00481525
1 0.966546 0.0225773 0.0108766
1 0.966415 0.0205249 0.0130605
1 0.978161 0.0117853 0.0100541
1 0.855084 0.105013 0.0399035
1 0.986031 0.0072975 0.00667123
1 0.922014 0.0505766 0.0274098
1 0.95812 0.0250092 0.0168711
1 0.999807 3.83977e-05 0.00015442
1 0.733922 0.197274 0.0688041
1 0.977289 0.0120595 0.0106511
1 0.961973 0.0221854 0.0158413
1 0.922474 0.0486613 0.0288645
1 0.98168 0.00980218 0.00851776
1 0.98336 0.0087159 0.00792437
1 0.99109 0.00405143 0.00485876
1 0.984188 0.00798971 0.00782225
1 0.829944 0.120216 0.0498402
1 0.998872 0.000441159 0.000686554
1 0.995677 0.00223845 0.00208472
1 0.993433 0.00290876 0.00365799
1 0.993566 0.00282261 0.00361171
1 0.974361 0.014824 0.0108147
1 0.993433 0.00290876 0.00365799
1 0.998596 0.00045223 0.000951899
1 0.983433 0.00858959 0.00797766
1 0.989039 0.00527418 0.00568708
1 0.9813 0.0114951 0.00720464
1 0.999117 0.000247263 0.000636019
1 0.77727 0.160706 0.0620236
1 0.898224 0.0679004 0.0338754
1 0.976974 0.0123522 0.0106737
1 0.991858 0.00395966 0.00418212
1 0.997071 0.00107618 0.00185272
1 0.984733 0.0082331 0.00703391
1 0.989579 0.00496094 0.00545957
2 0.0157706 0.858378 0.125852
2 0.0172458 0.889168 0.0935866
2 0.0156883 0.788501 0.195811
2 0.0164699 0.901923 0.0816073
2 0.0162776 0.849702 0.134021
2 0.0180182 0.895669 0.0863125
2 0.0169102 0.865197 0.117893
2 0.0229409 0.961244 0.0158149
2 0.0169716 0.894786 0.0882427
2 0.0180617 0.891518 0.0904203
2 0.0165366 0.97138 0.0120836
2 0.0181323 0.897391 0.0844765
2 0.0158603 0.947961 0.0361787
2 0.0175995 0.883503 0.0988973
2 0.0182459 0.911113 0.0706407
2 0.0170398 0.893741 0.0892195
2 0.0183544 0.8841 0.097546
2 0.0179201 0.918975 0.0631049
2 0.0169298 0.753934 0.229136
2 0.0174229 0.926274 0.0563035
2 0.0191545 0.763898 0.216948
2 0.0179678 0.908182 0.0738499
2 0.0189046 0.709351 0.271745
2 0.017754 0.90129 0.0809562
2 0.017765 0.905147 0.0770883
2 0.0171007 0.894632 0.088267
2 0.0152375 0.841377 0.143386
2 0.0188528 0.547156 0.433991
2 0.0178211 0.87849 0.103689
2 0.0187645 0.935782 0.0454534
2 0.0171676 0.934049 0.0487834
2 0.0177986 0.944513 0.0376881
2 0.0178545 0.913117 0.069029
2 0.0220061 0.605644 0.37235
2 0.0185126 0.879673 0.101814
2 0.0178015 0.892784 0.0894149
2 0.0159878 0.851553 0.13246
2 0.015324 0.899673 0.0850026
2 0.0181497 0.905906 0.0759446
2 0.0173514 0.902296 0.0803524
2 0.017547 0.900541 0.0819125
2 0.017792 0.894114 0.0880941
2 0.0175881 0.913914 0.068498
2 0.0211051 0.963475 0.0154203
2 0.0178634 0.899669 0.0824677
2 0.0181376 0.907621 0.0742411
2 0.0180961 0.904253 0.0776508
2 0.0179492 0.905285 0.0767653
2 0.0226593 0.95667 0.020671
2 0.018001 0.904464 0.0775351
3 0.0018282 7.34497e-06 0.998164
3 0.0291892 0.105174 0.865636
3 0.0024203 2.03151e-05 0.997559
3 0.0222648 0.0777912 0.899944
3 0.00502512 8.29337e-05 0.994892
3 9.92583e-08 1.19064e-07 1
3 0.0316107 0.423432 0.544957
3 0.00283809 5.63963e-05 0.997106
3 0.00867202 0.00146942 0.989859
3 3.60304e-07 4.32041e-07 0.999999
3 0.0212986 0.127738 0.850964
3 0.0186857 0.0286123 0.952702
3 0.00749695 0.000796391 0.991707
3 0.0250826 0.0147183 0.960199
3 0.0114933 0.000370747 0.988136
3 0.00991515 0.000983402 0.989101
3 0.0209387 0.118014 0.861047
3 7.81625e-08 9.37624e-08 1
3 2.49462e-11 2.99353e-11 1
3 0.0224937 0.463329 0.514177
3 0.00252076 1.76603e-05 0.997462
3 0.0319361 0.125413 0.842651
3 5.87136e-08 7.04351e-08 1
3 0.0237544 0.329945 0.646301
3 0.00859502 0.0013769 0.990028
3 0.00742982 0.00227032 0.9903
2 0.0227694 0.497145 0.480086
2 0.0215507 0.599979 0.378471
3 0.00868008 0.000481813 0.990838
3 0.0145826 0.0523293 0.933088
3 0.0018457 1.52313e-05 0.998139
3 1.596e-06 1.91217e-06 0.999996
3 0.00605364 0.000118386 0.993828
2 0.0180578 0.751856 0.230087
2 0.0216048 0.556165 0.422231
3 5.2694e-08 6.32149e-08 1
3 0.00630394 0.000143768 0.993552
3 0.0223174 0.188526 0.789157
2 0.0211734 0.663392 0.315435
3 0.00827846 0.00166534 0.990056
3 0.00238406 1.33321e-05 0.997603
3 0.00611631 0.000350444 0.993533
3 0.0291892 0.105174 0.865636
3 0.00208419 1.04251e-05 0.997905
3 0.00153163 5.15485e-06 0.998463
3 0.0063223 0.000240994 0.993437
3 0.0212163 0.0432837 0.9355
3 0.0189423 0.0431509 0.937907
3 0.0128665 0.00266803 0.984465
2 0.0239413 0.514084 0.461975
