labels 1 2 3
1 0.992009 0.00352892 0.00446175
1 0.986582 0.00601753 0.00740089
1 0.997421 0.000898885 0.00167967
1 0.995137 0.00186148 0.00300193
1 0.995975 0.0016433 0.00238159
1 0.895332 0.0657269 0.0389411
1 0.995982 0.00151088 0.00250678
1 0.989412 0.00470702 0.00588116
1 0.997702 0.000802189 0.00149552
1 0.993912 0.0024351 0.00365315
1 0.981123 0.00993066 0.00894635
1 0.992758 0.00300273 0.00423961
1 0.996468 0.00130038 0.00223176
1 0.999896 1.98531e-05 8.45153e-05
1 0.990774 0.0053024 0.00392353
1 0.973014 0.0176533 0.00933282
1 0.970687 0.0166939 0.0126189
1 0.97997 0.00985029 0.0101799
1 0.856324 0.0937643 0.0499118
1 0.988047 0.00588926 0.00606329
1 0.919301 0.0466908 0.0340086
1 0.961218 0.0210637 0.0177186
1 0.999872 2.81758e-05 9.95678e-05
1 0.714993 0.185287 0.0997201
1 0.978372 0.0103194 0.011309
1 0.96172 0.0196805 0.0185992
1 0.919306 0.0455136 0.0351808
1 0.983316 0.00812218 0.00856149
1 0.984732 0.00724958 0.00801831
1 0.991739 0.00342121 0.00483992
1 0.984784 0.00688875 0.00832735
1 0.822021 0.111477 0.0665013
1 0.999232 0.000321073 0.000447098
1 0.996871 0.00166685 0.00146232
1 0.993912 0.0024351 0.00365315
1 0.994213 0.00232978 0.00345725
1 0.976605 0.0122532 0.0111414
1 0.993912 0.0024351 0.00365315
1 0.998793 0.000371121 0.000836232
1 0.984722 0.00717633 0.00810198
1 0.990323 0.00432766 0.00534982
1 0.981467 0.0104155 0.00811721
1 0.999283 0.000197582 0.000519823
1 0.764487 0.150146 0.0853671
1 0.896089 0.0627468 0.0411647
1 0.977461 0.0108218 0.0117176
1 0.993224 0.00314481 0.00363139
1 0.997447 0.000882578 0.00167084
1 0.986721 0.006655 0.00662389
1 0.990482 0.00412878 0.0053896
2 0.0190048 0.597846 0.383149
2 0.021396 0.609818 0.368786
2 0.0164649 0.589719 0.393816
2 0.0207387 0.630009 0.349253
2 0.0190046 0.605377 0.375619
2 0.0222785 0.615377 0.362344
2 0.0203764 0.605628 0.373996
2 0.0298409 0.675466 0.294693
2 0.0211907 0.610364 0.368446
2 0.0222744 0.621468 0.356258
2 0.0241179 0.694168 0.281714
2 0.0224836 0.613675 0.363842
2 0.0213416 0.633385 0.345273
2 0.0214671 0.612065 0.366468
2 0.023006 0.617312 0.359682
2 0.0213088 0.609265 0.369426
2 0.0223128 0.613313 0.364374
2 0.0228596 0.619973 0.357168
2 0.0154942 0.611806 0.3727
2 0.0225785 0.626792 0.350629
2 0.0190032 0.600045 0.380952
2 0.0226013 0.615056 0.362343
2 0.015779 0.601719 0.382502
2 0.0221358 0.6144 0.363464
2 0.0223074 0.613573 0.36412
2 0.0213624 0.610322 0.368315
2 0.0176724 0.599713 0.382615
2 0.0129551 0.575073 0.411972
2 0.0215551 0.612025 0.36642
2 0.0241526 0.629001 0.346846
2 0.0225594 0.633506 0.343935
2 0.0235199 0.638824 0.337656
2 0.0226478 0.617996 0.359356
2 0.0162579 0.599223 0.384519
2 0.0223499 0.613624 0.364026
2 0.0220935 0.611085 0.366821
2 0.0189511 0.601278 0.379771
2 0.0191029 0.617554 0.363343
2 0.0227636 0.615179 0.362057
2 0.0217865 0.623322 0.354891
2 0.0219376 0.620664 0.357398
2 0.0220235 0.612836 0.365141
2 0.0223684 0.619365 0.358267
2 0.0282839 0.675689 0.296027
2 0.0222572 0.617527 0.360216
2 0.0227969 0.615149 0.362054
2 0.0226519 0.615214 0.362134
2 0.022501 0.614199 0.3633
2 0.029454 0.659011 0.311535
2 0.0225552 0.616093 0.361352
3 0.000823792 0.295785 0.703392
2 0.0120402 0.576554 0.411406
3 0.00097708 0.336239 0.662784
2 0.00861903 0.549669 0.441712
3 0.00193206 0.404728 0.59334
3 7.2322e-05 0.144103 0.855825
2 0.0185086 0.61565 0.365841
3 0.00109216 0.35474 0.644168
3 0.00295968 0.481229 0.515812
3 0.000137309 0.14257 0.857293
2 0.00919136 0.538902 0.451906
2 0.00691375 0.536947 0.456139
3 0.00282105 0.437604 0.559575
2 0.00946299 0.564902 0.425635
3 0.00442954 0.477776 0.517795
3 0.00390203 0.451619 0.544479
2 0.00867981 0.545562 0.445758
3 5.87876e-05 0.0957152 0.904226
3 0.000725186 0.0423329 0.956942
2 0.0131175 0.606051 0.380832
3 0.00106706 0.326067 0.672866
2 0.0137903 0.579739 0.40647
3 5.75685e-05 0.141168 0.858774
2 0.0123405 0.579284 0.408376
3 0.00334523 0.437418 0.559237
3 0.0028257 0.424175 0.572999
2 0.0146224 0.588171 0.397207
2 0.0160688 0.591243 0.392688
3 0.00315446 0.464186 0.532659
2 0.00545446 0.497464 0.497081
3 0.000735264 0.322307 0.676957
3 0.000267064 0.158809 0.840924
3 0.00224441 0.430873 0.566882
2 0.0170818 0.60021 0.382709
2 0.0146731 0.597409 0.387918
3 5.29272e-05 0.124969 0.874978
3 0.00263477 0.398029 0.599336
2 0.0100365 0.554717 0.435246
2 0.0173421 0.59614 0.386518
3 0.00315812 0.439933 0.556909
3 0.00101133 0.326927 0.672062
3 0.00242513 0.406566 0.591009
2 0.0120402 0.576554 0.411406
3 0.00089198 0.313064 0.686044
3 0.000701529 0.27665 0.722648
3 0.00245924 0.417578 0.579962
2 0.00793861 0.554647 0.437414
2 0.00730121 0.526884 0.465815
3 0.005179 0.468579 0.526242
2 0.0158976 0.590595 0.393507
