labels 1 2 3
1 0.97546 0.0156249 0.00891544
1 0.955773 0.0329461 0.0112807
1 0.974523 0.0173399 0.00813741
1 0.966153 0.0242778 0.00956962
1 0.980161 0.0120102 0.00782896
1 0.961216 0.0240941 0.0146897
1 0.974714 0.0165581 0.00872779
1 0.970815 0.0194453 0.00974004
1 0.96446 0.0264211 0.00911854
1 0.967267 0.0233732 0.0093596
1 0.974508 0.0155895 0.00990211
1 0.972033 0.0186097 0.0093573
1 0.968204 0.0229904 0.00880523
1 0.983969 0.0107688 0.00526211
1 0.983215 0.00877259 0.00801265
1 0.979632 0.0098372 0.0105307
1 0.974042 0.0150395 0.010919
1 0.968477 0.0206916 0.0108309
1 0.95683 0.0277767 0.0153931
1 0.977067 0.0135053 0.00942735
1 0.951927 0.033939 0.0141336
1 0.966257 0.0214475 0.012296
1 0.990034 0.00540317 0.00456272
1 0.909474 0.0686387 0.0218877
1 0.961834 0.0264835 0.0116829
1 0.943177 0.0431691 0.0136537
1 0.946443 0.0382207 0.0153363
1 0.97076 0.0190631 0.0101765
1 0.969544 0.0203182 0.0101377
1 0.965145 0.0246841 0.0101711
1 0.95641 0.0320654 0.0115246
1 0.937716 0.0446839 0.0176001
1 0.989783 0.00482169 0.00539562
1 0.987188 0.00605119 0.00676068
1 0.967267 0.0233732 0.0093596
1 0.971384 0.0196436 0.00897203
1 0.97039 0.0191981 0.0104114
1 0.967267 0.0233732 0.0093596
1 0.972523 0.0195829 0.00789392
1 0.968605 0.0210821 0.010313
1 0.973545 0.0169623 0.00949322
1 0.892966 0.0913322 0.0157018
1 0.979558 0.0136006 0.00684109
1 0.92681 0.0526727 0.0205177
1 0.95598 0.0286387 0.0153811
1 0.94697 0.0401545 0.0128756
1 0.980182 0.0114666 0.00835145
1 0.973727 0.0179936 0.00827966
1 0.976278 0.0143749 0.00934692
1 0.969569 0.0207283 0.0097026
2 0.00470579 0.949016 0.0462782
2 0.00748188 0.936118 0.0563997
2 0.00662297 0.823288 0.170089
2 0.00849077 0.971261 0.020248
2 0.00708699 0.847137 0.145776
2 0.00965043 0.964876 0.0254733
2 0.00960449 0.845767 0.144628
2 0.0846461 0.897906 0.0174476
2 0.00510305 0.965476 0.0294205
2 0.0177255 0.965391 0.0168832
2 0.0285798 0.964396 0.00702404
2 0.0100399 0.950966 0.0389939
2 0.00908134 0.986895 0.00402355
2 0.00726917 0.92072 0.0720104
2 0.0324089 0.958529 0.00906198
2 0.00603393 0.966957 0.0270089
2 0.0112431 0.915334 0.0734231
2 0.02442 0.969383 0.0061971
2 0.0101359 0.692657 0.297207
2 0.0190815 0.974962 0.00595689
3 0.0198298 0.447885 0.532285
2 0.0110061 0.979571 0.00942306
2 0.0112543 0.606766 0.381979
2 0.00700142 0.972822 0.0201764
2 0.00746293 0.977901 0.0146357
2 0.00581249 0.961982 0.0322059
2 0.00519607 0.877389 0.117415
3 0.0123172 0.398666 0.589017
2 0.00851017 0.898679 0.0928106
2 0.0477934 0.941308 0.010899
2 0.0196024 0.974407 0.00599084
2 0.0302022 0.962537 0.00726122
2 0.0173204 0.976174 0.00650521
3 0.0163577 0.404911 0.578731
2 0.012827 0.915667 0.0715064
2 0.0114297 0.912645 0.0759254
2 0.0062464 0.884214 0.10954
2 0.00452327 0.939861 0.0556162
2 0.0212631 0.968699 0.0100375
2 0.0113475 0.974096 0.0145567
2 0.0111538 0.974424 0.0144221
2 0.00771739 0.944543 0.0477394
2 0.0129323 0.979776 0.00729201
2 0.0649033 0.92119 0.0139066
2 0.0117643 0.972317 0.0159183
2 0.0228141 0.969126 0.00805954
2 0.0148141 0.973119 0.0120667
2 0.00882237 0.976714 0.0144636
2 0.0919338 0.88897 0.0190959
2 0.0139409 0.974536 0.0115234
3 0.00299329 0.000248315 0.996758
3 0.0165438 0.0644251 0.919031
3 0.00358692 0.00325221 0.993161
3 0.0122241 0.058537 0.929239
3 0.00452825 0.00208972 0.993382
3 0.00155008 0.000561572 0.997888
2 0.0277278 0.50474 0.467532
3 0.00395577 0.0100075 0.986037
3 0.00613703 0.0162736 0.977589
3 0.00203154 0.000299732 0.997669
3 0.0124421 0.0726388 0.914919
3 0.0101859 0.0378598 0.951954
3 0.00581623 0.0088493 0.985334
3 0.0135351 0.0270957 0.959369
3 0.00678305 0.00182534 0.991392
3 0.00670283 0.00484042 0.988457
3 0.0115882 0.0862502 0.902162
3 0.00201551 0.000984977 0.997
3 1.5934e-06 1.9092e-06 0.999996
3 0.0146907 0.410623 0.574686
3 0.00366707 0.00172298 0.99461
3 0.0189228 0.0607399 0.920337
3 0.00142254 0.000633473 0.997944
3 0.0147091 0.184564 0.800727
3 0.00661136 0.0100499 0.983339
3 0.00675247 0.0368131 0.956434
3 0.016404 0.262118 0.721478
3 0.0178405 0.295836 0.686324
3 0.00588935 0.00496967 0.989141
3 0.0083608 0.164202 0.827437
3 0.00330487 0.00606721 0.990628
3 0.0033706 0.00922318 0.987406
3 0.00482741 0.00230634 0.992866
2 0.0114059 0.633154 0.35544
3 0.0138117 0.43734 0.548849
3 0.00143813 0.000393636 0.998168
3 0.00537337 0.00166008 0.992967
3 0.012967 0.104433 0.8826
3 0.0188211 0.350889 0.63029
3 0.00636757 0.0134766 0.980156
3 0.00338647 0.000859814 0.995754
3 0.00539567 0.00596251 0.988642
3 0.0165438 0.0644251 0.919031
3 0.00333427 0.00108278 0.995583
3 0.0029777 0.000468412 0.996554
3 0.0052245 0.00396253 0.990813
3 0.0117505 0.0522058 0.936044
3 0.0106087 0.039702 0.949689
3 0.00810136 0.00582895 0.98607
3 0.0192073 0.210575 0.770217
