labels 1 2 3
1 0.975154 0.0158738 0.00897263
1 0.953498 0.0352507 0.0112517
1 0.971826 0.0197777 0.0083961
1 0.962869 0.0273895 0.00974102
1 0.979566 0.0124466 0.00798747
1 0.964919 0.0209892 0.0140919
1 0.973105 0.0179966 0.00889817
1 0.970349 0.019905 0.00974653
1 0.958455 0.0320993 0.00944537
1 0.964722 0.0257833 0.00949485
1 0.97547 0.0147219 0.00980806
1 0.97098 0.0195871 0.00943243
1 0.964435 0.0265228 0.00904234
1 0.978681 0.0154468 0.0058723
1 0.983878 0.00804068 0.00808181
1 0.981096 0.00848116 0.0104225
1 0.975715 0.0135723 0.0107123
1 0.969137 0.0201704 0.0106923
1 0.961268 0.024017 0.0147152
1 0.977665 0.0129366 0.00939846
1 0.954874 0.0314957 0.0136301
1 0.968167 0.0198564 0.0119769
1 0.988267 0.00670496 0.00502849
1 0.91799 0.0613998 0.02061
1 0.961857 0.0266243 0.0115191
1 0.94282 0.043829 0.0133514
1 0.949502 0.0357504 0.0147479
1 0.971191 0.0187142 0.010095
1 0.969661 0.0202619 0.0100766
1 0.963101 0.0266658 0.0102328
1 0.954635 0.033907 0.0114575
1 0.943275 0.0400153 0.0167101
1 0.98938 0.00491094 0.00570879
1 0.987358 0.00568545 0.00695698
1 0.964722 0.0257833 0.00949485
1 0.969717 0.0211828 0.00910043
1 0.971406 0.0183191 0.0102747
1 0.964722 0.0257833 0.00949485
1 0.967404 0.0243005 0.00829534
1 0.968612 0.0211412 0.0102472
1 0.973392 0.0171032 0.0095051
1 0.881699 0.102703 0.0155981
1 0.975879 0.0168541 0.0072667
1 0.934043 0.0466117 0.0193455
1 0.959821 0.0254518 0.0147274
1 0.945367 0.0419347 0.0126987
1 0.980302 0.0112689 0.00842885
1 0.970791 0.0206651 0.00854364
1 0.976872 0.0138118 0.00931658
1 0.968677 0.0215889 0.0097344
2 0.00433959 0.945266 0.0503944
2 0.00708173 0.932701 0.0602177
2 0.00681601 0.80975 0.183434
2 0.00873766 0.971953 0.0193088
2 0.00722651 0.838052 0.154721
2 0.00939746 0.965906 0.0246966
2 0.00963618 0.835814 0.154549
2 0.100437 0.879611 0.0199516
2 0.0046915 0.964562 0.0307467
2 0.0186859 0.964961 0.0163528
2 0.0341443 0.957733 0.00812218
2 0.00968688 0.950318 0.0399955
2 0.00941095 0.986608 0.00398098
2 0.00702226 0.919487 0.0734904
2 0.0346233 0.955843 0.00953343
2 0.00548119 0.965519 0.0289993
2 0.0110127 0.915677 0.07331
2 0.0258276 0.967695 0.00647734
2 0.0102873 0.688276 0.301436
2 0.0205143 0.973322 0.00616331
3 0.0202663 0.429404 0.550329
2 0.0107072 0.979847 0.00944612
2 0.0113625 0.599086 0.389551
2 0.0065689 0.973592 0.0198389
2 0.00690576 0.978067 0.0150275
2 0.00537311 0.960294 0.0343327
2 0.00521386 0.869749 0.125037
3 0.0124819 0.375579 0.611939
2 0.00839202 0.895993 0.095615
2 0.0535932 0.934306 0.0121011
2 0.0214782 0.972231 0.00629114
2 0.0340022 0.957937 0.00806081
2 0.0178772 0.975579 0.0065436
3 0.0164067 0.39945 0.584144
2 0.0126377 0.9172 0.0701624
2 0.0109788 0.909004 0.0800175
2 0.00621198 0.875468 0.11832
2 0.00443137 0.939225 0.0563432
2 0.0216873 0.968362 0.00995111
2 0.0117011 0.97428 0.0140191
2 0.0113097 0.975075 0.0136151
2 0.00732744 0.943832 0.0488406
2 0.0131906 0.979629 0.00718017
2 0.0771365 0.90682 0.0160433
2 0.0118297 0.972777 0.015393
2 0.0232842 0.968672 0.00804422
2 0.0147805 0.973405 0.0118141
2 0.00831243 0.97708 0.0146073
2 0.108285 0.870009 0.021706
2 0.0140116 0.974691 0.0112972
3 0.00307076 0.000253726 0.996676
3 0.0164458 0.0628756 0.920679
3 0.00363889 0.00329204 0.993069
3 0.0120097 0.0563342 0.931656
3 0.00453772 0.00206632 0.993396
3 0.00168437 0.000695256 0.99762
2 0.0277224 0.522137 0.45014
3 0.00399222 0.01056 0.985448
3 0.00609815 0.0165091 0.977393
3 0.00218509 0.000328144 0.997487
3 0.0131155 0.0650377 0.921847
3 0.010038 0.0360962 0.953866
3 0.00577866 0.00835429 0.985867
3 0.0135183 0.0271544 0.959327
3 0.00676752 0.00178122 0.991451
3 0.00664719 0.00442822 0.988925
3 0.0114234 0.0813482 0.907228
3 0.00221398 0.00122572 0.99656
3 2.34454e-06 2.80837e-06 0.999995
3 0.0146268 0.41604 0.569333
3 0.00372425 0.00168609 0.99459
3 0.0188823 0.0587243 0.922393
3 0.00155382 0.000812907 0.997633
3 0.014704 0.174171 0.811125
3 0.00655519 0.00944829 0.983997
3 0.00668629 0.0361444 0.957169
3 0.0165283 0.247621 0.735851
3 0.0180117 0.27996 0.702028
3 0.00585454 0.0048708 0.989275
3 0.00823973 0.158774 0.832986
3 0.00336683 0.00640526 0.990228
3 0.00355889 0.0105556 0.985885
3 0.00482923 0.00228734 0.992883
2 0.0114872 0.623786 0.364727
3 0.0135939 0.441658 0.544748
3 0.00157765 0.000467653 0.997955
3 0.00537253 0.00155334 0.993074
3 0.0127982 0.0983026 0.888899
3 0.0191094 0.33427 0.64662
3 0.00631338 0.0124811 0.981205
3 0.00344672 0.000844945 0.995708
3 0.00538485 0.00540719 0.989208
3 0.0164458 0.0628756 0.920679
3 0.00340089 0.00108849 0.995511
3 0.00306404 0.000464788 0.996471
3 0.00521421 0.00366709 0.991119
3 0.0116187 0.0500052 0.938376
3 0.0104134 0.0363908 0.953196
3 0.00801212 0.00529471 0.986693
3 0.0192417 0.201574 0.779184
