labels 1 2 3
1 0.977291 0.0142993 0.00840934
1 0.950345 0.0392885 0.0103663
1 0.971 0.0211332 0.007867
1 0.960066 0.0306245 0.00930915
1 0.981501 0.0109314 0.00756804
1 0.97048 0.0156614 0.013859
1 0.973751 0.017729 0.00852
1 0.971933 0.0188396 0.00922784
1 0.95108 0.0399265 0.00899387
1 0.962946 0.0281242 0.0089299
1 0.978822 0.0118961 0.00928221
1 0.97187 0.0190031 0.00912736
1 0.960985 0.0305694 0.00844585
1 0.974871 0.0195476 0.00558186
1 0.986973 0.00557934 0.00744731
1 0.984349 0.00527295 0.0103781
1 0.97994 0.010013 0.0100466
1 0.972062 0.0179376 0.0100003
1 0.967589 0.0181785 0.0142327
1 0.980626 0.0103129 0.00906063
1 0.958684 0.0284009 0.0129151
1 0.972295 0.0162479 0.0114571
1 0.989057 0.00626176 0.00468161
1 0.923237 0.0572783 0.019485
1 0.962782 0.0257333 0.011485
1 0.939742 0.0478117 0.0124465
1 0.95307 0.0329067 0.0140229
1 0.97384 0.0166462 0.00951364
1 0.971947 0.0187142 0.00933848
1 0.9619 0.0282478 0.00985263
1 0.952369 0.0367423 0.0108886
1 0.947607 0.0368061 0.015587
1 0.990895 0.00352417 0.0055812
1 0.989477 0.00380151 0.00672141
1 0.962946 0.0281242 0.0089299
1 0.969989 0.0217372 0.00827369
1 0.974932 0.0157272 0.00934104
1 0.962946 0.0281242 0.0089299
1 0.962824 0.0292937 0.007882
1 0.970595 0.0197571 0.00964782
1 0.975748 0.0154077 0.00884394
1 0.841413 0.144886 0.0137012
1 0.974191 0.0188438 0.00696485
1 0.94095 0.0406154 0.0184342
1 0.964894 0.0202555 0.0148507
1 0.943775 0.0445798 0.0116452
1 0.9827 0.00907843 0.00822195
1 0.969527 0.0223365 0.00813649
1 0.979866 0.0112815 0.00885276
1 0.969684 0.0212443 0.00907218
2 0.0050164 0.9306 0.0643836
2 0.00775021 0.923454 0.068796
2 0.00806737 0.767138 0.224795
2 0.0076518 0.978435 0.0139135
2 0.00752634 0.827377 0.165097
2 0.00895058 0.969603 0.0214467
2 0.010471 0.808984 0.180545
2 0.0894973 0.893245 0.0172578
2 0.0048532 0.962324 0.0328225
2 0.0178149 0.969278 0.0129067
2 0.0278521 0.965864 0.00628347
2 0.0100191 0.95108 0.0389005
2 0.00819806 0.988689 0.00311308
2 0.00681866 0.919783 0.0733987
2 0.0362636 0.954197 0.0095393
2 0.00609831 0.960455 0.0334465
2 0.0106121 0.920615 0.068773
2 0.024808 0.969182 0.00600959
2 0.00988102 0.714546 0.275573
2 0.0190147 0.975687 0.00529861
3 0.0195219 0.395948 0.58453
2 0.010915 0.980364 0.00872055
2 0.0109987 0.601697 0.387304
2 0.00631169 0.975301 0.0183875
2 0.00719285 0.977702 0.0151053
2 0.00579555 0.956292 0.0379124
2 0.00555704 0.854751 0.139692
3 0.0125867 0.319157 0.668256
2 0.00821741 0.897031 0.0947517
2 0.0517768 0.936702 0.0115209
2 0.0194925 0.975215 0.00529241
2 0.0307883 0.962114 0.00709776
2 0.017611 0.9765 0.00588927
3 0.0153394 0.396087 0.588573
2 0.0120109 0.924621 0.0633677
2 0.0119818 0.897736 0.0902825
2 0.00690177 0.852561 0.140537
2 0.00402576 0.946947 0.0490274
2 0.0224221 0.96832 0.00925782
2 0.0107241 0.978523 0.0107526
2 0.0102518 0.979102 0.0106463
2 0.00737984 0.943117 0.0495036
2 0.0125808 0.981364 0.00605564
2 0.0676044 0.91882 0.0135756
2 0.0112524 0.976053 0.0126947
2 0.0239564 0.96838 0.00766333
2 0.0148424 0.974624 0.0105333
2 0.00854303 0.977325 0.0141319
2 0.101884 0.878555 0.0195606
2 0.0138457 0.976344 0.0098104
3 0.00254958 0.000152428 0.997298
3 0.0154866 0.0596722 0.924841
3 0.00320057 0.00198058 0.994819
3 0.0104889 0.0461393 0.943372
3 0.00393994 0.0013926 0.994667
3 0.0014239 0.000352704 0.998223
2 0.0237924 0.589891 0.386316
3 0.00338217 0.00656181 0.990056
3 0.00553957 0.0133972 0.981063
3 0.00186728 0.000145492 0.997987
3 0.0117733 0.0471974 0.941029
3 0.0093517 0.0300611 0.960587
3 0.00522737 0.00554173 0.989231
3 0.0132242 0.0268124 0.959963
3 0.00640539 0.0014516 0.992143
3 0.00597144 0.00293715 0.991091
3 0.0102283 0.0632945 0.926477
3 0.00181919 0.000449068 0.997732
3 1.68201e-06 2.01528e-06 0.999996
3 0.0137807 0.447803 0.538416
3 0.00328531 0.000971534 0.995743
3 0.0179335 0.0560131 0.926053
3 0.00131833 0.000435847 0.998246
3 0.0144718 0.158232 0.827296
3 0.00561702 0.00583766 0.988545
3 0.00554969 0.0218914 0.972559
3 0.0162987 0.227675 0.756027
3 0.017293 0.252242 0.730465
3 0.00526769 0.00366127 0.991071
3 0.00750842 0.11297 0.879522
3 0.00296892 0.00395246 0.993079
3 0.00297719 0.00398458 0.993038
3 0.0043596 0.00167699 0.993963
2 0.0110513 0.607039 0.38191
3 0.0120234 0.443252 0.544724
3 0.00142231 0.000229592 0.998348
3 0.0045882 0.000956332 0.994455
3 0.0113335 0.0765989 0.912068
3 0.0184815 0.309415 0.672103
3 0.0057406 0.00796505 0.986294
3 0.00308076 0.000515479 0.996404
3 0.00510033 0.00334792 0.991552
3 0.0154866 0.0596722 0.924841
3 0.00292402 0.000632145 0.996444
3 0.00267911 0.00026163 0.997059
3 0.00489044 0.00241584 0.992694
3 0.0114199 0.0453497 0.94323
3 0.0095363 0.0272298 0.963234
3 0.00692033 0.00346251 0.989617
3 0.0177159 0.18367 0.798614
